              precision    recall  f1-score   support

           0      0.864     0.950     0.905       100
           1      0.886     0.930     0.907       100
           2      0.627     0.740     0.679       100
           3      0.708     0.750     0.728       100
           4      0.550     0.710     0.620       100
           5      0.837     0.870     0.853       100
           6      0.856     0.890     0.873       100
           7      0.821     0.870     0.845       100
           8      0.940     0.940     0.940       100
           9      0.911     0.920     0.915       100
          10      0.598     0.610     0.604       100
          11      0.538     0.570     0.553       100
          12      0.880     0.810     0.844       100
          13      0.849     0.790     0.819       100
          14      0.918     0.900     0.909       100
          15      0.846     0.880     0.863       100
          16      0.871     0.810     0.839       100
          17      0.918     0.900     0.909       100
          18      0.848     0.780     0.812       100
          19      0.788     0.820     0.804       100
          20      0.927     0.890     0.908       100
          21      0.922     0.940     0.931       100
          22      0.869     0.860     0.864       100
          23      0.917     0.770     0.837       100
          24      0.881     0.890     0.886       100
          25      0.770     0.770     0.770       100
          26      0.802     0.810     0.806       100
          27      0.752     0.760     0.756       100
          28      0.898     0.880     0.889       100
          29      0.827     0.860     0.843       100
          30      0.846     0.770     0.806       100
          31      0.878     0.790     0.832       100
          32      0.815     0.750     0.781       100
          33      0.756     0.680     0.716       100
          34      0.860     0.860     0.860       100
          35      0.516     0.470     0.492       100
          36      0.850     0.850     0.850       100
          37      0.842     0.850     0.846       100
          38      0.872     0.820     0.845       100
          39      0.929     0.920     0.925       100
          40      0.822     0.830     0.826       100
          41      0.933     0.970     0.951       100
          42      0.798     0.910     0.850       100
          43      0.889     0.880     0.884       100
          44      0.624     0.780     0.693       100
          45      0.785     0.730     0.756       100
          46      0.650     0.670     0.660       100
          47      0.705     0.670     0.687       100
          48      0.914     0.960     0.937       100
          49      0.816     0.930     0.869       100
          50      0.638     0.670     0.654       100
          51      0.807     0.880     0.842       100
          52      0.573     0.750     0.649       100
          53      0.949     0.930     0.939       100
          54      0.937     0.890     0.913       100
          55      0.627     0.520     0.568       100
          56      0.922     0.940     0.931       100
          57      0.901     0.820     0.859       100
          58      0.941     0.950     0.945       100
          59      0.726     0.690     0.708       100
          60      0.832     0.890     0.860       100
          61      0.771     0.810     0.790       100
          62      0.818     0.810     0.814       100
          63      0.848     0.780     0.812       100
          64      0.851     0.630     0.724       100
          65      0.717     0.760     0.738       100
          66      0.915     0.860     0.887       100
          67      0.825     0.800     0.812       100
          68      0.905     0.950     0.927       100
          69      0.914     0.850     0.881       100
          70      0.857     0.840     0.848       100
          71      0.795     0.890     0.840       100
          72      0.588     0.570     0.579       100
          73      0.740     0.740     0.740       100
          74      0.701     0.610     0.652       100
          75      0.959     0.940     0.949       100
          76      0.958     0.920     0.939       100
          77      0.856     0.770     0.811       100
          78      0.704     0.810     0.753       100
          79      0.860     0.920     0.889       100
          80      0.785     0.730     0.756       100
          81      0.741     0.860     0.796       100
          82      0.969     0.940     0.954       100
          83      0.888     0.790     0.836       100
          84      0.764     0.840     0.800       100
          85      0.989     0.890     0.937       100
          86      0.891     0.820     0.854       100
          87      0.856     0.950     0.900       100
          88      0.871     0.880     0.876       100
          89      0.922     0.950     0.936       100
          90      0.832     0.890     0.860       100
          91      0.945     0.860     0.901       100
          92      0.781     0.820     0.800       100
          93      0.866     0.840     0.853       100
          94      0.941     0.960     0.950       100
          95      0.774     0.820     0.796       100
          96      0.762     0.610     0.678       100
          97      0.848     0.840     0.844       100
          98      0.667     0.560     0.609       100
          99      0.871     0.810     0.839       100

    accuracy                          0.818     10000
   macro avg      0.821     0.818     0.818     10000
weighted avg      0.821     0.818     0.818     10000
