              precision    recall  f1-score   support

           0      0.867     0.870     0.868       500
           1      0.915     0.902     0.908       500
           2      0.976     0.958     0.967       500
           3      0.941     0.932     0.937       500
           4      0.966     0.960     0.963       500
           5      0.916     0.938     0.927       500
           6      0.956     0.964     0.960       500
           7      0.936     0.930     0.933       500
           8      0.898     0.938     0.918       500
           9      0.955     0.942     0.949       500
          10      0.940     0.908     0.924       500
          11      0.909     0.916     0.912       500
          12      0.919     0.866     0.892       500
          13      0.892     0.912     0.902       400
          14      0.956     0.950     0.953       600
          15      0.862     0.898     0.880       500
          16      0.872     0.858     0.865       500
          17      0.966     0.962     0.964       500
          18      0.950     0.948     0.949       500
          19      0.910     0.948     0.929       500

    accuracy                          0.925     10000
   macro avg      0.925     0.925     0.925     10000
weighted avg      0.926     0.925     0.925     10000
