              precision    recall  f1-score   support

           0      0.889     0.960     0.923       100
           1      0.931     0.940     0.935       100
           2      0.758     0.750     0.754       100
           3      0.842     0.850     0.846       100
           4      0.721     0.800     0.758       100
           5      0.849     0.900     0.874       100
           6      0.896     0.860     0.878       100
           7      0.835     0.860     0.847       100
           8      0.949     0.940     0.945       100
           9      0.941     0.950     0.945       100
          10      0.767     0.660     0.710       100
          11      0.598     0.550     0.573       100
          12      0.926     0.870     0.897       100
          13      0.872     0.820     0.845       100
          14      0.893     0.920     0.906       100
          15      0.858     0.910     0.883       100
          16      0.812     0.910     0.858       100
          17      0.917     0.880     0.898       100
          18      0.953     0.810     0.876       100
          19      0.905     0.860     0.882       100
          20      0.919     0.910     0.915       100
          21      0.923     0.960     0.941       100
          22      0.827     0.910     0.867       100
          23      0.949     0.740     0.831       100
          24      0.928     0.900     0.914       100
          25      0.796     0.820     0.808       100
          26      0.792     0.840     0.816       100
          27      0.810     0.810     0.810       100
          28      0.918     0.900     0.909       100
          29      0.885     0.850     0.867       100
          30      0.876     0.780     0.825       100
          31      0.937     0.890     0.913       100
          32      0.901     0.820     0.859       100
          33      0.840     0.790     0.814       100
          34      0.874     0.900     0.887       100
          35      0.649     0.610     0.629       100
          36      0.918     0.890     0.904       100
          37      0.874     0.900     0.887       100
          38      0.895     0.850     0.872       100
          39      0.949     0.930     0.939       100
          40      0.908     0.890     0.899       100
          41      0.933     0.980     0.956       100
          42      0.767     0.890     0.824       100
          43      0.939     0.930     0.935       100
          44      0.768     0.860     0.811       100
          45      0.821     0.780     0.800       100
          46      0.648     0.700     0.673       100
          47      0.698     0.740     0.718       100
          48      0.908     0.990     0.947       100
          49      0.862     0.940     0.900       100
          50      0.770     0.770     0.770       100
          51      0.900     0.900     0.900       100
          52      0.561     0.740     0.638       100
          53      0.917     0.880     0.898       100
          54      0.833     0.900     0.865       100
          55      0.722     0.650     0.684       100
          56      0.939     0.930     0.935       100
          57      0.838     0.880     0.859       100
          58      0.959     0.940     0.949       100
          59      0.838     0.670     0.744       100
          60      0.896     0.860     0.878       100
          61      0.823     0.790     0.806       100
          62      0.910     0.810     0.857       100
          63      0.898     0.790     0.840       100
          64      0.893     0.750     0.815       100
          65      0.844     0.760     0.800       100
          66      0.904     0.940     0.922       100
          67      0.861     0.870     0.866       100
          68      0.924     0.970     0.946       100
          69      0.903     0.930     0.916       100
          70      0.931     0.810     0.866       100
          71      0.809     0.930     0.865       100
          72      0.660     0.700     0.680       100
          73      0.811     0.770     0.790       100
          74      0.717     0.710     0.714       100
          75      0.960     0.960     0.960       100
          76      0.949     0.940     0.945       100
          77      0.904     0.940     0.922       100
          78      0.752     0.910     0.824       100
          79      0.852     0.920     0.885       100
          80      0.827     0.810     0.818       100
          81      0.825     0.850     0.837       100
          82      0.970     0.980     0.975       100
          83      0.914     0.850     0.881       100
          84      0.905     0.860     0.882       100
          85      0.950     0.950     0.950       100
          86      0.896     0.860     0.878       100
          87      0.881     0.960     0.919       100
          88      0.858     0.910     0.883       100
          89      0.932     0.960     0.946       100
          90      0.879     0.940     0.908       100
          91      0.879     0.870     0.874       100
          92      0.776     0.830     0.802       100
          93      0.887     0.860     0.873       100
          94      0.932     0.960     0.946       100
          95      0.766     0.850     0.806       100
          96      0.846     0.660     0.742       100
          97      0.920     0.920     0.920       100
          98      0.685     0.740     0.712       100
          99      0.892     0.830     0.860       100

    accuracy                          0.855     10000
   macro avg      0.857     0.855     0.855     10000
weighted avg      0.857     0.855     0.855     10000
