              precision    recall  f1-score   support

           0      0.804     0.822     0.813       500
           1      0.915     0.818     0.864       500
           2      0.947     0.958     0.952       500
           3      0.918     0.900     0.909       500
           4      0.937     0.928     0.933       500
           5      0.883     0.908     0.895       500
           6      0.920     0.948     0.934       500
           7      0.905     0.894     0.899       500
           8      0.878     0.862     0.870       500
           9      0.940     0.910     0.925       500
          10      0.930     0.904     0.917       500
          11      0.868     0.894     0.881       500
          12      0.866     0.802     0.833       500
          13      0.860     0.848     0.854       400
          14      0.896     0.938     0.917       600
          15      0.778     0.820     0.798       500
          16      0.816     0.818     0.817       500
          17      0.931     0.968     0.949       500
          18      0.901     0.926     0.913       500
          19      0.891     0.900     0.896       500

    accuracy                          0.889     10000
   macro avg      0.889     0.888     0.888     10000
weighted avg      0.890     0.889     0.889     10000
